Distance: 12733.53
Route:
16
165
50
155
78
107
126
86
143
136
48
104
30
179
49
102
22
15
110
59
56
230
249
1
73
45
13
14
92
198
63
204
174
187
35
175
93
47
248
173
74
12
76
156
5
77
40
157
29
215
185
164
26
36
42
95
130
133
183
149
34
57
134
69
99
182
146
144
132
247
210
226
239
201
234
224
222
206
227
202
238
228
213
217
223
203
205
244
209
211
200
229
243
240
236
221
225
212
235
246
237
231
245
233
241
208
216
242
218
220
219
232
148
11
121
54
159
181
154
124
178
172
2
186
127
108
85
192
18
9
160
43
119
170
199
25
177
37
100
141
66
4
38
111
195
7
180
33
122
80
115
75
135
166
193
3
27
10
6
140
67
60
139
169
250
52
129
109
150
167
91
19
87
131
62
90
117
79
65
214
39
71
51
163
72
171
114
24
145
94
98
184
53
125
190
58
120
21
151
189
147
196
70
197
96
103
191
55
81
88
61
142
116
101
23
137
64
207
168
17
44
176
32
112
162
152
89
83
68
8
82
123
194
161
128
41
106
105
28
138
188
158
113
84
31
20
97
153
118
46
