Distance: 95046.34
Route:
69
214
221
135
457
155
131
396
64
31
213
249
245
190
101
422
327
117
264
444
183
165
285
415
289
84
169
371
47
35
301
62
132
228
446
389
11
325
3
282
126
53
459
1
488
474
423
145
347
91
75
342
273
242
307
266
330
256
99
462
293
159
302
362
173
5
32
421
14
140
448
297
172
309
67
339
134
350
227
382
49
149
55
364
133
410
408
218
139
352
19
281
217
428
279
237
385
111
294
86
123
129
387
119
40
310
39
456
344
203
494
162
177
41
94
186
357
367
447
4
211
376
167
6
313
333
283
219
148
87
332
195
45
432
452
322
205
384
291
121
386
419
354
188
120
2
379
470
394
482
400
403
210
346
38
238
52
324
478
215
485
187
328
226
484
363
233
153
236
326
182
175
200
15
265
179
142
395
261
262
118
157
57
469
90
82
250
500
430
380
274
390
247
98
93
351
152
170
96
492
241
296
143
208
476
171
458
10
51
202
454
138
465
7
174
315
150
58
158
418
166
375
224
383
122
374
308
26
234
102
68
305
303
168
176
441
222
460
404
284
425
306
65
23
106
378
243
436
440
392
275
113
409
337
44
229
74
433
271
445
95
416
254
130
230
369
370
407
36
391
486
453
34
191
406
277
267
490
450
231
178
426
24
288
21
258
498
489
477
206
399
100
17
137
212
491
81
455
497
253
42
348
46
480
341
71
66
154
318
483
70
463
360
442
56
257
397
12
209
424
76
164
196
128
278
368
412
198
304
107
115
104
37
427
180
141
246
276
103
292
232
314
272
270
204
184
269
146
59
78
290
411
16
398
29
345
72
20
358
431
331
295
336
353
43
124
240
461
317
160
197
349
388
443
225
88
312
414
429
438
451
377
97
280
320
437
61
334
114
163
366
323
355
223
161
136
239
496
467
105
13
193
413
487
235
73
8
252
393
216
343
475
401
108
33
479
405
112
156
373
50
468
83
439
110
28
495
329
471
60
335
300
248
201
144
92
268
299
18
125
251
372
109
185
311
365
207
27
420
89
77
48
79
147
287
340
493
434
298
25
192
361
22
220
449
127
259
151
402
319
85
338
316
321
286
499
189
356
181
472
359
417
263
464
260
199
116
381
466
244
63
481
473
435
9
255
54
80
194
30
