Distance: 29197.72
Route:
1
42
725
954
210
846
131
559
438
988
762
950
376
23
736
708
465
512
796
883
15
380
604
656
121
413
63
123
48
734
133
386
249
874
972
202
517
175
218
493
682
804
95
119
207
983
684
546
253
569
614
571
518
94
811
258
597
431
908
999
459
998
89
519
406
986
710
408
598
196
382
25
462
156
370
38
996
216
712
226
36
624
185
337
644
375
282
294
981
149
502
876
792
343
701
87
155
754
580
669
951
724
105
618
233
506
737
82
313
807
934
938
820
528
577
963
826
450
948
901
118
221
352
964
666
77
97
204
225
389
482
652
342
480
22
246
627
525
320
467
932
50
501
822
800
782
265
428
602
641
969
219
98
719
151
829
919
910
844
854
977
115
885
562
215
639
536
905
88
179
798
409
212
679
424
937
717
675
102
297
336
521
930
40
274
940
980
479
667
472
242
671
7
886
99
613
280
875
985
728
957
135
85
922
834
787
541
567
396
437
924
422
823
304
745
699
425
340
632
317
222
915
369
436
707
200
531
540
397
139
284
582
780
524
812
603
10
4
54
177
146
241
186
802
33
81
778
750
670
72
138
187
509
869
581
377
816
440
395
879
442
672
55
205
523
341
344
27
856
475
615
790
37
987
168
345
748
716
353
729
402
419
160
147
579
573
583
898
8
96
732
661
104
415
838
785
134
469
852
928
570
947
543
764
441
974
758
474
34
497
510
416
873
773
166
498
539
489
279
60
552
181
348
775
346
727
227
572
935
735
526
286
325
190
504
323
211
868
163
403
831
327
30
180
188
448
126
555
851
429
305
795
944
594
43
470
902
621
890
231
494
26
254
351
31
720
609
46
537
412
695
891
857
12
889
888
630
260
809
721
690
636
836
330
997
338
20
657
635
893
564
117
912
384
576
488
183
945
364
770
14
884
358
271
566
69
587
68
771
505
122
229
19
877
372
814
363
339
772
757
268
67
801
230
91
894
865
588
989
47
32
356
843
223
554
711
350
291
942
71
586
283
108
687
481
333
971
24
458
818
136
730
116
738
347
421
791
522
234
578
9
45
110
473
918
808
86
620
507
145
73
92
130
965
794
5
477
768
80
592
765
862
52
182
270
697
956
601
864
17
882
556
466
184
866
189
296
848
979
56
387
62
58
198
144
213
863
847
66
390
511
487
830
468
813
2
545
872
248
239
495
361
767
663
742
35
51
806
257
114
832
994
952
631
842
78
936
392
293
553
763
398
605
485
100
195
966
6
13
287
295
860
59
79
668
486
880
362
853
235
464
825
769
84
90
606
256
761
201
93
585
815
326
275
909
433
973
259
457
289
267
16
674
619
322
263
655
560
903
557
589
840
616
931
968
513
18
793
385
439
747
776
76
167
766
137
461
923
634
558
165
861
664
206
982
453
355
217
194
171
920
696
645
810
164
803
878
665
83
563
471
741
129
693
456
101
499
141
835
281
913
654
681
568
191
685
591
740
203
252
786
373
824
777
648
959
360
731
946
310
683
300
404
755
178
329
154
783
976
394
366
299
28
706
608
161
460
152
357
393
148
157
410
827
870
162
784
678
941
590
255
691
298
445
781
849
550
331
332
150
960
659
500
306
855
371
751
53
799
702
1000
805
158
623
643
797
368
112
174
638
633
237
520
975
228
44
612
508
124
907
374
516
839
430
269
575
833
551
955
316
378
391
723
718
365
193
383
125
925
107
596
680
11
739
929
574
308
491
943
992
752
900
109
427
169
626
896
705
354
209
617
192
881
713
250
694
303
277
743
779
744
423
452
722
492
841
676
266
991
926
649
290
443
549
565
399
637
939
628
756
334
859
749
446
709
321
247
600
309
611
788
285
746
662
927
75
379
220
532
995
418
949
993
41
990
261
789
328
57
622
420
276
534
629
689
646
640
610
236
753
914
103
904
454
535
21
871
484
312
414
895
49
159
490
911
455
197
688
962
400
302
127
503
593
774
435
658
686
759
176
173
714
447
819
561
407
142
828
245
120
170
647
515
214
760
544
897
837
733
64
698
39
906
243
401
700
273
172
917
262
887
65
432
978
449
529
199
958
318
850
538
315
476
916
272
653
703
892
715
595
240
845
858
367
704
319
650
307
61
381
642
244
113
74
496
970
651
335
821
530
224
314
29
292
547
311
349
238
288
463
953
726
625
251
451
677
548
324
527
599
899
607
278
692
933
514
961
921
153
111
660
143
434
542
208
867
359
817
417
3
128
673
984
405
483
584
411
264
533
232
426
478
106
140
70
301
444
967
388
132
