Distance: 16313.70
Route:
1
73
45
13
14
92
198
204
63
174
35
175
144
146
182
12
76
156
5
77
40
157
29
215
185
164
26
36
42
133
130
95
159
181
154
124
178
172
2
186
127
108
192
18
9
160
43
119
170
25
199
177
100
37
141
66
4
111
195
7
180
33
122
38
115
80
193
3
166
135
75
88
61
81
55
191
197
70
196
147
189
21
120
151
58
96
103
19
91
167
150
10
27
6
140
67
60
139
169
250
52
129
109
87
131
62
90
79
117
65
214
39
71
51
163
110
59
56
15
22
102
49
179
30
104
48
86
126
46
118
153
20
97
31
84
113
158
188
138
105
28
106
41
161
194
123
82
8
68
83
89
152
162
112
32
176
44
17
64
207
168
128
137
23
101
116
142
94
98
53
184
190
125
171
114
24
145
136
143
72
230
249
78
155
50
165
47
248
173
74
93
132
247
99
69
134
57
34
149
183
121
54
11
148
85
16
107
187
210
239
226
219
220
218
242
216
235
237
246
231
245
233
241
208
234
201
227
202
238
228
203
205
244
211
209
200
229
243
240
236
221
225
212
224
222
206
223
217
213
232
