Distance: 97874.47
Route:
1
459
53
126
282
3
325
11
389
446
228
132
186
94
357
367
447
4
376
211
219
148
87
332
195
45
432
452
322
205
384
291
41
177
162
494
203
344
456
39
310
40
119
25
298
387
129
123
86
261
395
142
200
175
182
157
326
236
57
15
265
179
192
361
22
220
449
127
259
151
402
319
85
338
316
321
286
499
189
356
181
307
242
273
342
75
91
347
145
423
474
488
19
281
352
227
134
350
382
49
149
55
364
133
410
408
183
165
285
415
289
84
169
371
47
333
313
6
167
283
35
301
62
434
493
287
147
340
79
48
77
444
117
264
292
232
103
276
246
105
467
496
239
136
193
413
487
198
304
107
115
104
37
427
180
141
13
269
146
59
78
290
411
16
398
29
345
72
20
358
431
331
295
336
353
43
124
240
461
317
160
197
349
388
443
225
88
312
414
163
114
97
280
320
437
61
334
366
323
355
223
451
438
429
377
481
63
244
466
381
116
199
260
69
214
221
135
457
155
101
190
245
249
213
31
64
131
396
417
359
472
32
421
14
140
448
297
172
309
67
339
139
218
422
327
30
80
194
473
435
9
255
54
270
272
314
204
184
161
343
196
164
76
424
209
235
12
257
56
442
8
73
252
393
216
360
463
70
483
318
154
66
71
341
480
46
348
42
253
497
110
28
439
468
83
50
373
156
405
112
479
33
108
401
475
397
299
18
125
251
372
109
185
311
268
92
201
144
433
74
229
44
337
409
113
275
392
440
436
106
378
243
23
404
460
222
306
65
93
351
152
170
96
98
390
247
419
354
188
120
2
379
470
394
482
400
403
210
346
38
238
52
324
478
215
485
187
328
226
484
363
233
153
469
90
82
250
500
430
380
274
492
241
296
143
208
476
171
458
10
51
202
454
138
465
7
174
315
150
158
58
418
166
375
383
224
122
374
308
26
234
102
68
305
303
168
176
441
425
284
121
386
399
489
477
206
100
17
137
212
490
267
277
406
191
34
453
486
391
36
407
370
369
230
130
254
416
95
21
288
258
498
24
231
178
450
426
491
81
455
495
329
471
60
335
300
248
271
445
420
89
27
365
207
412
368
278
128
263
464
173
5
302
362
159
293
462
99
256
330
266
279
428
217
237
385
111
294
262
118
